[0.010003134923930986, 0.6999995626929898, 2] ,False ,255.03201150894165
[0.010003134923930986, 0.6999995626929898, 2] ,False ,255.030400037765503
[0.010003134923930986, 0.6999995626929898, 2] ,False ,255.028951644897461
[0.010003134923930986, 0.6999995626929898, 2] ,False ,255.0307745933532715
[0.010003134923930986, 0.6999995626929898, 2] ,False ,255.031521797180176
[0.010003134923930986, 0.6999995626929898, 2] ,False ,255.027560710906982
[0.010003134923930986, 0.6999995626929898, 2] ,False ,255.030282974243164
[0.010003134923930986, 0.6999995626929898, 2] ,False ,255.030784845352173
[0.010003134923930986, 0.6999995626929898, 2] ,False ,255.02891993522644
[0.010003134923930986, 0.6999995626929898, 2] ,False ,255.029391527175903
[0.010003134923930986, 0.6999995626929898, 2] ,False ,255.027418613433838
[0.010003134923930986, 0.6999995626929898, 2] ,False ,255.030282974243164
[0.010003134923930986, 0.6999995626929898, 2] ,False ,255.032106161117554
[0.010003134923930986, 0.6999995626929898, 2] ,False ,255.030266046524048
[0.010003134923930986, 0.6999995626929898, 2] ,False ,255.030694246292114
