[6.21598287852638, 0.2474935383037172, 8] ,False ,165.0168137550354
[6.21598287852638, 0.2474935383037172, 8] ,True ,161.5234551429748535
[6.21598287852638, 0.2474935383037172, 8] ,True ,161.4608650207519531
[6.21598287852638, 0.2474935383037172, 8] ,True ,164.6335625648498535
[6.21598287852638, 0.2474935383037172, 8] ,True ,161.6444191932678223
[6.21598287852638, 0.2474935383037172, 8] ,True ,160.7394182682037354
[6.21598287852638, 0.2474935383037172, 8] ,True ,160.3786303997039795
[6.21598287852638, 0.2474935383037172, 8] ,True ,161.6908073425292969
[6.21598287852638, 0.2474935383037172, 8] ,True ,161.6057112216949463
[6.21598287852638, 0.2474935383037172, 8] ,True ,160.39338254928588867
[6.21598287852638, 0.2474935383037172, 8] ,True ,160.7123885154724121
