[3.087276623467218, 0.4591577406577411, 5] ,False ,525.029772520065308
[3.087276623467218, 0.4591577406577411, 5] ,False ,525.028685569763184
[3.087276623467218, 0.4591577406577411, 5] ,False ,525.0309669971466064
[3.087276623467218, 0.4591577406577411, 5] ,False ,525.030927896499634
[3.087276623467218, 0.4591577406577411, 5] ,False ,525.030001401901245
[3.087276623467218, 0.4591577406577411, 5] ,False ,525.0310070514678955
[3.087276623467218, 0.4591577406577411, 5] ,False ,525.031069040298462
[3.087276623467218, 0.4591577406577411, 5] ,False ,525.028089284896851
[3.087276623467218, 0.4591577406577411, 5] ,False ,525.027358531951904
[3.087276623467218, 0.4591577406577411, 5] ,False ,525.029468774795532
[3.087276623467218, 0.4591577406577411, 5] ,False ,525.030125617980957
[3.087276623467218, 0.4591577406577411, 5] ,False ,525.027825832366943
[3.087276623467218, 0.4591577406577411, 5] ,False ,525.033614635467529
[3.087276623467218, 0.4591577406577411, 5] ,False ,525.0299084186553955
[3.087276623467218, 0.4591577406577411, 5] ,False ,525.028806924819946
