[4.924359349961269, 0.12178228931719168, 4] ,False ,395.031702518463135
[4.924359349961269, 0.12178228931719168, 4] ,False ,395.031408071517944
[4.924359349961269, 0.12178228931719168, 4] ,False ,395.030174493789673
[4.924359349961269, 0.12178228931719168, 4] ,False ,395.031580448150635
[4.924359349961269, 0.12178228931719168, 4] ,False ,395.029792547225952
[4.924359349961269, 0.12178228931719168, 4] ,False ,395.03230094909668
[4.924359349961269, 0.12178228931719168, 4] ,False ,395.029657602310181
[4.924359349961269, 0.12178228931719168, 4] ,False ,395.028839111328125
[4.924359349961269, 0.12178228931719168, 4] ,True ,391.8542358875274658
[4.924359349961269, 0.12178228931719168, 4] ,True ,395.032136917114258
[4.924359349961269, 0.12178228931719168, 4] ,True ,391.8547232151031494
[4.924359349961269, 0.12178228931719168, 4] ,True ,395.034193277359009
[4.924359349961269, 0.12178228931719168, 4] ,True ,395.02974271774292
[4.924359349961269, 0.12178228931719168, 4] ,True ,395.044475555419922
[4.924359349961269, 0.12178228931719168, 4] ,True ,395.034330606460571
