[8.968990123359442, 0.1180087614154616, 3] ,False ,455.030941009521484
[8.968990123359442, 0.1180087614154616, 3] ,False ,455.036758661270142
[8.968990123359442, 0.1180087614154616, 3] ,False ,455.0294952392578125
[8.968990123359442, 0.1180087614154616, 3] ,True ,454.283609628677368
[8.968990123359442, 0.1180087614154616, 3] ,True ,454.999649524688721
[8.968990123359442, 0.1180087614154616, 3] ,True ,455.027136564254761
[8.968990123359442, 0.1180087614154616, 3] ,True ,455.031640291213989
[8.968990123359442, 0.1180087614154616, 3] ,True ,454.596791982650757
[8.968990123359442, 0.1180087614154616, 3] ,True ,455.029419422149658
[8.968990123359442, 0.1180087614154616, 3] ,True ,455.030123710632324
[8.968990123359442, 0.1180087614154616, 3] ,True ,455.031022787094116
[8.968990123359442, 0.1180087614154616, 3] ,True ,455.0290093421936035
[8.968990123359442, 0.1180087614154616, 3] ,True ,455.031146049499512
