[4.098540238032063, 0.31027526812156825, 8] ,False ,235.036921262741089
[4.098540238032063, 0.31027526812156825, 8] ,False ,235.030999422073364
[4.098540238032063, 0.31027526812156825, 8] ,False ,235.0240583419799805
[4.098540238032063, 0.31027526812156825, 8] ,False ,235.02938175201416
[4.098540238032063, 0.31027526812156825, 8] ,False ,235.027731657028198
[4.098540238032063, 0.31027526812156825, 8] ,False ,235.027079343795776
[4.098540238032063, 0.31027526812156825, 8] ,False ,235.0287086963653564
[4.098540238032063, 0.31027526812156825, 8] ,False ,235.036709785461426
[4.098540238032063, 0.31027526812156825, 8] ,False ,235.02990198135376
[4.098540238032063, 0.31027526812156825, 8] ,False ,235.035773992538452
[4.098540238032063, 0.31027526812156825, 8] ,False ,235.019644498825073
[4.098540238032063, 0.31027526812156825, 8] ,False ,235.03090500831604
[4.098540238032063, 0.31027526812156825, 8] ,False ,235.032010793685913
[4.098540238032063, 0.31027526812156825, 8] ,False ,235.018895864486694
[4.098540238032063, 0.31027526812156825, 8] ,False ,235.028662919998169
