[7.659750315365635, 0.34986362249075825, 8] ,False ,195.031454801559448
[7.659750315365635, 0.34986362249075825, 8] ,False ,195.030796766281128
[7.659750315365635, 0.34986362249075825, 8] ,False ,195.016359329223633
[7.659750315365635, 0.34986362249075825, 8] ,False ,195.034874439239502
[7.659750315365635, 0.34986362249075825, 8] ,False ,195.0300962924957275
[7.659750315365635, 0.34986362249075825, 8] ,False ,195.020534038543701
[7.659750315365635, 0.34986362249075825, 8] ,False ,195.029773950576782
[7.659750315365635, 0.34986362249075825, 8] ,True ,190.5276145935058594
[7.659750315365635, 0.34986362249075825, 8] ,True ,195.03730583190918
[7.659750315365635, 0.34986362249075825, 8] ,True ,195.029160976409912
[7.659750315365635, 0.34986362249075825, 8] ,True ,195.02466893196106
[7.659750315365635, 0.34986362249075825, 8] ,True ,195.027034521102905
[7.659750315365635, 0.34986362249075825, 8] ,True ,193.2971365451812744
[7.659750315365635, 0.34986362249075825, 8] ,True ,195.038526296615601
[7.659750315365635, 0.34986362249075825, 8] ,True ,195.01995849609375
