[8.606596276975667, 0.15765957634342131, 7] ,False ,245.030004024505615
[8.606596276975667, 0.15765957634342131, 7] ,False ,245.014549255371094
[8.606596276975667, 0.15765957634342131, 7] ,False ,245.039816617965698
[8.606596276975667, 0.15765957634342131, 7] ,False ,245.024585247039795
[8.606596276975667, 0.15765957634342131, 7] ,False ,245.004132509231567
[8.606596276975667, 0.15765957634342131, 7] ,False ,245.030204772949219
[8.606596276975667, 0.15765957634342131, 7] ,False ,245.0279388427734375
[8.606596276975667, 0.15765957634342131, 7] ,False ,245.031920909881592
[8.606596276975667, 0.15765957634342131, 7] ,False ,245.030124187469482
[8.606596276975667, 0.15765957634342131, 7] ,False ,245.034406661987305
[8.606596276975667, 0.15765957634342131, 7] ,False ,245.0300047397613525
[8.606596276975667, 0.15765957634342131, 7] ,False ,245.034485340118408
[8.606596276975667, 0.15765957634342131, 7] ,False ,245.0305540561676025
[8.606596276975667, 0.15765957634342131, 7] ,False ,245.031447172164917
[8.606596276975667, 0.15765957634342131, 7] ,False ,245.017617225646973
