[5.794486338905205, 0.5279223131874937, 5] ,False ,295.0317089557647705
[5.794486338905205, 0.5279223131874937, 5] ,False ,295.029425144195557
[5.794486338905205, 0.5279223131874937, 5] ,False ,295.0360658168792725
[5.794486338905205, 0.5279223131874937, 5] ,False ,295.0284998416900635
[5.794486338905205, 0.5279223131874937, 5] ,False ,295.0370237827301025
[5.794486338905205, 0.5279223131874937, 5] ,False ,295.032316207885742
[5.794486338905205, 0.5279223131874937, 5] ,False ,295.0303778648376465
[5.794486338905205, 0.5279223131874937, 5] ,False ,295.026135683059692
[5.794486338905205, 0.5279223131874937, 5] ,False ,295.029920339584351
[5.794486338905205, 0.5279223131874937, 5] ,False ,295.031460523605347
[5.794486338905205, 0.5279223131874937, 5] ,True ,292.203946828842163
[5.794486338905205, 0.5279223131874937, 5] ,True ,295.032407283782959
[5.794486338905205, 0.5279223131874937, 5] ,True ,295.038899660110474
[5.794486338905205, 0.5279223131874937, 5] ,True ,295.028335094451904
[5.794486338905205, 0.5279223131874937, 5] ,True ,295.027052402496338
