[4.021123837617627, 0.3041566299536891, 3] ,True ,462.0836713314056396
[4.021123837617627, 0.3041566299536891, 3] ,True ,465.031686544418335
[4.021123837617627, 0.3041566299536891, 3] ,True ,465.03419303894043
[4.021123837617627, 0.3041566299536891, 3] ,True ,465.025217533111572
[4.021123837617627, 0.3041566299536891, 3] ,True ,465.042986154556274
[4.021123837617627, 0.3041566299536891, 3] ,True ,465.037595748901367
[4.021123837617627, 0.3041566299536891, 3] ,True ,465.041131496429443
[4.021123837617627, 0.3041566299536891, 3] ,True ,465.047482013702393
[4.021123837617627, 0.3041566299536891, 3] ,True ,465.03306245803833
[4.021123837617627, 0.3041566299536891, 3] ,True ,465.032955646514893
