[5.445461907524904, 0.24987189835705223, 5] ,True ,491.480118989944458
[5.445461907524904, 0.24987189835705223, 5] ,True ,491.4310312271118164
[5.445461907524904, 0.24987189835705223, 5] ,True ,491.4765572547912598
[5.445461907524904, 0.24987189835705223, 5] ,True ,490.9823343753814697
[5.445461907524904, 0.24987189835705223, 5] ,True ,492.87898325920105
[5.445461907524904, 0.24987189835705223, 5] ,True ,491.3223381042480469
[5.445461907524904, 0.24987189835705223, 5] ,True ,491.4504098892211914
[5.445461907524904, 0.24987189835705223, 5] ,True ,495.040754556655884
[5.445461907524904, 0.24987189835705223, 5] ,True ,491.440272331237793
[5.445461907524904, 0.24987189835705223, 5] ,True ,492.7078046798706055
