[0.010003134923930986, 0.13079194244238912, 5] ,False ,185.033642292022705
[0.010003134923930986, 0.13079194244238912, 5] ,False ,185.029676914215088
[0.010003134923930986, 0.13079194244238912, 5] ,False ,185.028577089309692
[0.010003134923930986, 0.13079194244238912, 5] ,False ,185.024298906326294
[0.010003134923930986, 0.13079194244238912, 5] ,False ,185.028751373291016
[0.010003134923930986, 0.13079194244238912, 5] ,False ,185.0159852504730225
[0.010003134923930986, 0.13079194244238912, 5] ,False ,185.030743837356567
[0.010003134923930986, 0.13079194244238912, 5] ,False ,185.028205633163452
[0.010003134923930986, 0.13079194244238912, 5] ,False ,185.033197402954102
[0.010003134923930986, 0.13079194244238912, 5] ,False ,185.029557228088379
[0.010003134923930986, 0.13079194244238912, 5] ,False ,185.0302534103393555
[0.010003134923930986, 0.13079194244238912, 5] ,False ,185.031192064285278
[0.010003134923930986, 0.13079194244238912, 5] ,False ,185.030263423919678
[0.010003134923930986, 0.13079194244238912, 5] ,False ,185.030192613601685
[0.010003134923930986, 0.13079194244238912, 5] ,False ,185.019629716873169
