[7.066909615913972, 0.19188253735610727, 4] ,True ,111.405240774154663
[7.066909615913972, 0.19188253735610727, 4] ,True ,111.6919188499450684
[7.066909615913972, 0.19188253735610727, 4] ,True ,110.8240671157836914
[7.066909615913972, 0.19188253735610727, 4] ,True ,111.2327024936676025
[7.066909615913972, 0.19188253735610727, 4] ,True ,111.6306226253509521
[7.066909615913972, 0.19188253735610727, 4] ,True ,112.423661708831787
[7.066909615913972, 0.19188253735610727, 4] ,True ,112.3078298568725586
[7.066909615913972, 0.19188253735610727, 4] ,True ,112.3033828735351562
[7.066909615913972, 0.19188253735610727, 4] ,True ,111.8412041664123535
[7.066909615913972, 0.19188253735610727, 4] ,True ,113.6872103214263916
