[1.718108603440908, 0.4287911044320414, 6] ,False ,375.033335447311401
[1.718108603440908, 0.4287911044320414, 6] ,False ,375.029196262359619
[1.718108603440908, 0.4287911044320414, 6] ,False ,375.0346760749816895
[1.718108603440908, 0.4287911044320414, 6] ,False ,375.039799928665161
[1.718108603440908, 0.4287911044320414, 6] ,False ,375.03295111656189
[1.718108603440908, 0.4287911044320414, 6] ,True ,374.329884052276611
[1.718108603440908, 0.4287911044320414, 6] ,True ,373.6634292602539062
[1.718108603440908, 0.4287911044320414, 6] ,True ,375.033013343811035
[1.718108603440908, 0.4287911044320414, 6] ,True ,372.213937759399414
[1.718108603440908, 0.4287911044320414, 6] ,True ,375.0310633182525635
[1.718108603440908, 0.4287911044320414, 6] ,True ,370.7705540657043457
[1.718108603440908, 0.4287911044320414, 6] ,True ,375.0350329875946045
[1.718108603440908, 0.4287911044320414, 6] ,True ,371.9859552383422852
[1.718108603440908, 0.4287911044320414, 6] ,True ,375.032102108001709
[1.718108603440908, 0.4287911044320414, 6] ,True ,375.038827180862427
