[2.3514738025307906, 0.4365661152411014, 4] ,False ,335.038130283355713
[2.3514738025307906, 0.4365661152411014, 4] ,False ,335.034215688705444
[2.3514738025307906, 0.4365661152411014, 4] ,False ,335.0304718017578125
[2.3514738025307906, 0.4365661152411014, 4] ,False ,335.037996292114258
[2.3514738025307906, 0.4365661152411014, 4] ,False ,335.031899452209473
[2.3514738025307906, 0.4365661152411014, 4] ,False ,335.032079696655273
[2.3514738025307906, 0.4365661152411014, 4] ,False ,335.033018112182617
[2.3514738025307906, 0.4365661152411014, 4] ,False ,335.037737846374512
[2.3514738025307906, 0.4365661152411014, 4] ,False ,335.042001485824585
[2.3514738025307906, 0.4365661152411014, 4] ,False ,335.035937070846558
[2.3514738025307906, 0.4365661152411014, 4] ,False ,335.032603025436401
[2.3514738025307906, 0.4365661152411014, 4] ,False ,335.037820816040039
[2.3514738025307906, 0.4365661152411014, 4] ,False ,335.026063442230225
[2.3514738025307906, 0.4365661152411014, 4] ,False ,335.029002904891968
[2.3514738025307906, 0.4365661152411014, 4] ,False ,335.02621603012085
