[8.095098184474487, 0.19871905945710205, 5] ,False ,175.0132057666778564
[8.095098184474487, 0.19871905945710205, 5] ,True ,174.659477949142456
[8.095098184474487, 0.19871905945710205, 5] ,True ,175.020835638046265
[8.095098184474487, 0.19871905945710205, 5] ,True ,175.028176307678223
[8.095098184474487, 0.19871905945710205, 5] ,True ,173.9632368087768555
[8.095098184474487, 0.19871905945710205, 5] ,True ,173.6767332553863525
[8.095098184474487, 0.19871905945710205, 5] ,True ,175.025845766067505
[8.095098184474487, 0.19871905945710205, 5] ,True ,175.024771213531494
[8.095098184474487, 0.19871905945710205, 5] ,True ,174.5862860679626465
[8.095098184474487, 0.19871905945710205, 5] ,True ,174.967065334320068
[8.095098184474487, 0.19871905945710205, 5] ,True ,171.7667691707611084
