[8.035963120314227, 0.07197256620507807, 7] ,True ,100.3768332004547119
[8.035963120314227, 0.07197256620507807, 7] ,True ,101.8278980255126953
[8.035963120314227, 0.07197256620507807, 7] ,True ,100.8237676620483398
[8.035963120314227, 0.07197256620507807, 7] ,True ,100.5778295993804932
[8.035963120314227, 0.07197256620507807, 7] ,True ,100.7933542728424072
[8.035963120314227, 0.07197256620507807, 7] ,True ,100.556194543838501
[8.035963120314227, 0.07197256620507807, 7] ,True ,100.7190954685211182
[8.035963120314227, 0.07197256620507807, 7] ,True ,101.4716498851776123
[8.035963120314227, 0.07197256620507807, 7] ,True ,100.44701623916625977
[8.035963120314227, 0.07197256620507807, 7] ,True ,102.1360318660736084
