[5.585165894751395, 0.2876639821113145, 4] ,False ,585.032672166824341
[5.585165894751395, 0.2876639821113145, 4] ,False ,585.027156829833984
[5.585165894751395, 0.2876639821113145, 4] ,False ,585.031475305557251
[5.585165894751395, 0.2876639821113145, 4] ,False ,585.037976264953613
[5.585165894751395, 0.2876639821113145, 4] ,False ,585.0341126918792725
[5.585165894751395, 0.2876639821113145, 4] ,True ,580.9242255687713623
[5.585165894751395, 0.2876639821113145, 4] ,True ,585.031549692153931
[5.585165894751395, 0.2876639821113145, 4] ,True ,585.029937505722046
[5.585165894751395, 0.2876639821113145, 4] ,True ,580.24393653869628906
[5.585165894751395, 0.2876639821113145, 4] ,True ,585.02733588218689
[5.585165894751395, 0.2876639821113145, 4] ,True ,585.03278923034668
[5.585165894751395, 0.2876639821113145, 4] ,True ,585.0282204151153564
[5.585165894751395, 0.2876639821113145, 4] ,True ,585.031640291213989
[5.585165894751395, 0.2876639821113145, 4] ,True ,585.028846025466919
[5.585165894751395, 0.2876639821113145, 4] ,True ,585.029717683792114
