[2.0564868860597874, 0.22054467446269674, 5] ,True ,310.7246110439300537
[2.0564868860597874, 0.22054467446269674, 5] ,True ,313.574995994567871
[2.0564868860597874, 0.22054467446269674, 5] ,True ,310.691295862197876
[2.0564868860597874, 0.22054467446269674, 5] ,True ,313.7978174686431885
[2.0564868860597874, 0.22054467446269674, 5] ,True ,313.7066476345062256
[2.0564868860597874, 0.22054467446269674, 5] ,True ,310.6545665264129639
[2.0564868860597874, 0.22054467446269674, 5] ,True ,311.3556196689605713
[2.0564868860597874, 0.22054467446269674, 5] ,True ,310.9017362594604492
[2.0564868860597874, 0.22054467446269674, 5] ,True ,311.3691096305847168
[2.0564868860597874, 0.22054467446269674, 5] ,True ,312.727726459503174
