[8.278438957703345, 0.3713755920827026, 5] ,False ,205.037854194641113
[8.278438957703345, 0.3713755920827026, 5] ,False ,205.031461477279663
[8.278438957703345, 0.3713755920827026, 5] ,False ,205.031154155731201
[8.278438957703345, 0.3713755920827026, 5] ,False ,205.024604082107544
[8.278438957703345, 0.3713755920827026, 5] ,False ,205.029964923858643
[8.278438957703345, 0.3713755920827026, 5] ,False ,205.0291759967803955
[8.278438957703345, 0.3713755920827026, 5] ,False ,205.026703834533691
[8.278438957703345, 0.3713755920827026, 5] ,False ,205.037787437438965
[8.278438957703345, 0.3713755920827026, 5] ,False ,205.030672311782837
[8.278438957703345, 0.3713755920827026, 5] ,False ,205.030318975448608
[8.278438957703345, 0.3713755920827026, 5] ,False ,205.026305913925171
[8.278438957703345, 0.3713755920827026, 5] ,False ,205.02951192855835
[8.278438957703345, 0.3713755920827026, 5] ,False ,205.033316135406494
[8.278438957703345, 0.3713755920827026, 5] ,False ,205.033250570297241
[8.278438957703345, 0.3713755920827026, 5] ,False ,205.030491590499878
