[5.596209388053548, 0.011883578450923821, 4] ,False ,485.041582345962524
[5.596209388053548, 0.011883578450923821, 4] ,False ,485.026555061340332
[5.596209388053548, 0.011883578450923821, 4] ,False ,485.025038719177246
[5.596209388053548, 0.011883578450923821, 4] ,False ,485.0276994705200195
[5.596209388053548, 0.011883578450923821, 4] ,False ,485.028553247451782
[5.596209388053548, 0.011883578450923821, 4] ,False ,485.02827262878418
[5.596209388053548, 0.011883578450923821, 4] ,False ,485.032940626144409
[5.596209388053548, 0.011883578450923821, 4] ,False ,485.03055477142334
[5.596209388053548, 0.011883578450923821, 4] ,False ,485.030186891555786
[5.596209388053548, 0.011883578450923821, 4] ,False ,485.0283825397491455
[5.596209388053548, 0.011883578450923821, 4] ,False ,485.02765417098999
[5.596209388053548, 0.011883578450923821, 4] ,False ,485.027751684188843
[5.596209388053548, 0.011883578450923821, 4] ,False ,485.024869918823242
[5.596209388053548, 0.011883578450923821, 4] ,False ,485.0283403396606445
[5.596209388053548, 0.011883578450923821, 4] ,False ,485.0281407833099365
