[7.3950632497284765, 0.29602894858622675, 7] ,True ,340.20860600471496582
[7.3950632497284765, 0.29602894858622675, 7] ,True ,345.027891397476196
[7.3950632497284765, 0.29602894858622675, 7] ,True ,341.2291572093963623
[7.3950632497284765, 0.29602894858622675, 7] ,True ,342.6612508296966553
[7.3950632497284765, 0.29602894858622675, 7] ,True ,341.0247256755828857
[7.3950632497284765, 0.29602894858622675, 7] ,True ,340.8931241035461426
[7.3950632497284765, 0.29602894858622675, 7] ,True ,345.042919158935547
[7.3950632497284765, 0.29602894858622675, 7] ,True ,345.028678894042969
[7.3950632497284765, 0.29602894858622675, 7] ,True ,341.4006376266479492
[7.3950632497284765, 0.29602894858622675, 7] ,True ,344.052865266799927
