[9.999996865076069, 0.010000437307010198, 8] ,False ,225.037549734115601
[9.999996865076069, 0.010000437307010198, 8] ,False ,225.030943155288696
[9.999996865076069, 0.010000437307010198, 8] ,False ,225.0297698974609375
[9.999996865076069, 0.010000437307010198, 8] ,False ,225.031558513641357
[9.999996865076069, 0.010000437307010198, 8] ,False ,225.030933618545532
[9.999996865076069, 0.010000437307010198, 8] ,False ,225.02818751335144
[9.999996865076069, 0.010000437307010198, 8] ,False ,225.031126976013184
[9.999996865076069, 0.010000437307010198, 8] ,False ,225.032253742218018
[9.999996865076069, 0.010000437307010198, 8] ,False ,225.028465032577515
[9.999996865076069, 0.010000437307010198, 8] ,False ,225.041790008544922
[9.999996865076069, 0.010000437307010198, 8] ,False ,225.024248361587524
[9.999996865076069, 0.010000437307010198, 8] ,False ,225.030205249786377
[9.999996865076069, 0.010000437307010198, 8] ,False ,225.028987169265747
[9.999996865076069, 0.010000437307010198, 8] ,False ,225.0310585498809814
[9.999996865076069, 0.010000437307010198, 8] ,False ,225.028672933578491
