[2.507666971819649, 0.359647468950319, 4] ,False ,475.028925657272339
[2.507666971819649, 0.359647468950319, 4] ,False ,475.007911920547485
[2.507666971819649, 0.359647468950319, 4] ,False ,475.0331645011901855
[2.507666971819649, 0.359647468950319, 4] ,False ,475.032515048980713
[2.507666971819649, 0.359647468950319, 4] ,False ,475.035246133804321
[2.507666971819649, 0.359647468950319, 4] ,False ,475.030388593673706
[2.507666971819649, 0.359647468950319, 4] ,False ,475.036995887756348
[2.507666971819649, 0.359647468950319, 4] ,False ,475.030368804931641
[2.507666971819649, 0.359647468950319, 4] ,False ,475.034553050994873
[2.507666971819649, 0.359647468950319, 4] ,False ,475.035164833068848
[2.507666971819649, 0.359647468950319, 4] ,False ,475.038641691207886
[2.507666971819649, 0.359647468950319, 4] ,False ,475.041704416275024
[2.507666971819649, 0.359647468950319, 4] ,False ,475.034772157669067
[2.507666971819649, 0.359647468950319, 4] ,False ,475.041021108627319
[2.507666971819649, 0.359647468950319, 4] ,False ,475.038036346435547
