[3.8476295054054805, 0.2879267455156992, 3] ,True ,350.9379832744598389
[3.8476295054054805, 0.2879267455156992, 3] ,True ,354.279309034347534
[3.8476295054054805, 0.2879267455156992, 3] ,True ,353.9230058193206787
[3.8476295054054805, 0.2879267455156992, 3] ,True ,351.2039794921875
[3.8476295054054805, 0.2879267455156992, 3] ,True ,355.027756214141846
[3.8476295054054805, 0.2879267455156992, 3] ,True ,355.007050514221191
[3.8476295054054805, 0.2879267455156992, 3] ,True ,353.0866189002990723
[3.8476295054054805, 0.2879267455156992, 3] ,True ,351.3305327892303467
[3.8476295054054805, 0.2879267455156992, 3] ,True ,355.02596116065979
[3.8476295054054805, 0.2879267455156992, 3] ,True ,353.1898133754730225
