[5.330092723245414, 0.29976471337563637, 5] ,False ,515.036745548248291
[5.330092723245414, 0.29976471337563637, 5] ,False ,515.032171249389648
[5.330092723245414, 0.29976471337563637, 5] ,True ,513.3397955894470215
[5.330092723245414, 0.29976471337563637, 5] ,True ,512.8565194606781006
[5.330092723245414, 0.29976471337563637, 5] ,True ,512.036109209060669
[5.330092723245414, 0.29976471337563637, 5] ,True ,511.0601742267608643
[5.330092723245414, 0.29976471337563637, 5] ,True ,514.942163467407227
[5.330092723245414, 0.29976471337563637, 5] ,True ,511.7817742824554443
[5.330092723245414, 0.29976471337563637, 5] ,True ,514.478684663772583
[5.330092723245414, 0.29976471337563637, 5] ,True ,514.794301986694336
[5.330092723245414, 0.29976471337563637, 5] ,True ,512.707271099090576
[5.330092723245414, 0.29976471337563637, 5] ,True ,512.3275372982025146
