[4.166765348026372, 0.2388105747651698, 3] ,True ,422.5610530376434326
[4.166765348026372, 0.2388105747651698, 3] ,True ,421.3998045921325684
[4.166765348026372, 0.2388105747651698, 3] ,True ,423.2386233806610107
[4.166765348026372, 0.2388105747651698, 3] ,True ,425.028014183044434
[4.166765348026372, 0.2388105747651698, 3] ,True ,424.62939715385437
[4.166765348026372, 0.2388105747651698, 3] ,True ,424.131296157836914
[4.166765348026372, 0.2388105747651698, 3] ,True ,425.034625291824341
[4.166765348026372, 0.2388105747651698, 3] ,True ,425.0413572788238525
[4.166765348026372, 0.2388105747651698, 3] ,True ,424.320102691650391
[4.166765348026372, 0.2388105747651698, 3] ,True ,421.2754895687103271
