[4.3723659466057265, 0.2866198063892503, 6] ,True ,570.606126070022583
[4.3723659466057265, 0.2866198063892503, 6] ,True ,570.18127059936523438
[4.3723659466057265, 0.2866198063892503, 6] ,True ,570.39218902587890625
[4.3723659466057265, 0.2866198063892503, 6] ,True ,570.5390925407409668
[4.3723659466057265, 0.2866198063892503, 6] ,True ,570.20035672187805176
[4.3723659466057265, 0.2866198063892503, 6] ,True ,570.682563304901123
[4.3723659466057265, 0.2866198063892503, 6] ,True ,570.5571291446685791
[4.3723659466057265, 0.2866198063892503, 6] ,True ,570.9866032600402832
[4.3723659466057265, 0.2866198063892503, 6] ,True ,570.6748425960540771
[4.3723659466057265, 0.2866198063892503, 6] ,True ,570.18439173698425293
