[5.820155059657141, 0.2332532371187623, 5] ,True ,560.6008400917053223
[5.820155059657141, 0.2332532371187623, 5] ,True ,560.7657806873321533
[5.820155059657141, 0.2332532371187623, 5] ,True ,561.863086223602295
[5.820155059657141, 0.2332532371187623, 5] ,True ,560.6085882186889648
[5.820155059657141, 0.2332532371187623, 5] ,True ,561.5812222957611084
[5.820155059657141, 0.2332532371187623, 5] ,True ,561.5766103267669678
[5.820155059657141, 0.2332532371187623, 5] ,True ,560.5287528038024902
[5.820155059657141, 0.2332532371187623, 5] ,True ,560.7003114223480225
[5.820155059657141, 0.2332532371187623, 5] ,True ,560.7860097885131836
[5.820155059657141, 0.2332532371187623, 5] ,True ,561.5066144466400146
