[5.112264864056165, 0.20287350417417796, 5] ,False ,285.029521465301514
[5.112264864056165, 0.20287350417417796, 5] ,True ,280.6943068504333496
[5.112264864056165, 0.20287350417417796, 5] ,True ,285.037825584411621
[5.112264864056165, 0.20287350417417796, 5] ,True ,285.024568796157837
[5.112264864056165, 0.20287350417417796, 5] ,True ,285.022046804428101
[5.112264864056165, 0.20287350417417796, 5] ,True ,285.018333196640015
[5.112264864056165, 0.20287350417417796, 5] ,True ,285.036607027053833
[5.112264864056165, 0.20287350417417796, 5] ,True ,285.031193494796753
[5.112264864056165, 0.20287350417417796, 5] ,True ,285.0195558071136475
[5.112264864056165, 0.20287350417417796, 5] ,True ,285.02929949760437
[5.112264864056165, 0.20287350417417796, 5] ,True ,285.0346057415008545
