[9.339618353454853, 0.483933336698082, 3] ,True ,551.0027599334716797
[9.339618353454853, 0.483933336698082, 3] ,True ,551.3296401500701904
[9.339618353454853, 0.483933336698082, 3] ,True ,550.4927215576171875
[9.339618353454853, 0.483933336698082, 3] ,True ,550.6438250541687012
[9.339618353454853, 0.483933336698082, 3] ,True ,550.8664979934692383
[9.339618353454853, 0.483933336698082, 3] ,True ,550.22060728073120117
[9.339618353454853, 0.483933336698082, 3] ,True ,550.7264506816864014
[9.339618353454853, 0.483933336698082, 3] ,True ,550.3727688789367676
[9.339618353454853, 0.483933336698082, 3] ,True ,551.658534049987793
[9.339618353454853, 0.483933336698082, 3] ,True ,550.4777674674987793
