[2.352504955331264, 0.5655450402584827, 4] ,False ,415.0335187911987305
[2.352504955331264, 0.5655450402584827, 4] ,False ,415.028319835662842
[2.352504955331264, 0.5655450402584827, 4] ,False ,415.03027606010437
[2.352504955331264, 0.5655450402584827, 4] ,False ,415.033238172531128
[2.352504955331264, 0.5655450402584827, 4] ,False ,415.029914140701294
[2.352504955331264, 0.5655450402584827, 4] ,False ,415.032280683517456
[2.352504955331264, 0.5655450402584827, 4] ,False ,415.031109094619751
[2.352504955331264, 0.5655450402584827, 4] ,False ,415.027922868728638
[2.352504955331264, 0.5655450402584827, 4] ,False ,415.029653310775757
[2.352504955331264, 0.5655450402584827, 4] ,False ,415.028298377990723
[2.352504955331264, 0.5655450402584827, 4] ,False ,415.0323216915130615
[2.352504955331264, 0.5655450402584827, 4] ,False ,415.031582832336426
[2.352504955331264, 0.5655450402584827, 4] ,False ,415.031381130218506
[2.352504955331264, 0.5655450402584827, 4] ,False ,415.028546571731567
[2.352504955331264, 0.5655450402584827, 4] ,False ,415.029862880706787
