[4.502419178683493, 0.2936365126659068, 6] ,False ,595.034562826156616
[4.502419178683493, 0.2936365126659068, 6] ,False ,595.0336668491363525
[4.502419178683493, 0.2936365126659068, 6] ,False ,595.036823034286499
[4.502419178683493, 0.2936365126659068, 6] ,False ,595.036460876464844
[4.502419178683493, 0.2936365126659068, 6] ,False ,595.027854681015015
[4.502419178683493, 0.2936365126659068, 6] ,False ,595.0322699546813965
[4.502419178683493, 0.2936365126659068, 6] ,False ,595.03439736366272
[4.502419178683493, 0.2936365126659068, 6] ,False ,595.027437448501587
[4.502419178683493, 0.2936365126659068, 6] ,False ,595.034696102142334
[4.502419178683493, 0.2936365126659068, 6] ,False ,595.028401613235474
[4.502419178683493, 0.2936365126659068, 6] ,False ,595.033272743225098
[4.502419178683493, 0.2936365126659068, 6] ,False ,595.026207447052002
[4.502419178683493, 0.2936365126659068, 6] ,False ,595.0283403396606445
[4.502419178683493, 0.2936365126659068, 6] ,False ,595.033895969390869
[4.502419178683493, 0.2936365126659068, 6] ,False ,595.0353477001190186
