[2.3284752655653294, 0.4178429942522427, 4] ,True ,402.0558817386627197
[2.3284752655653294, 0.4178429942522427, 4] ,True ,405.0316760540008545
[2.3284752655653294, 0.4178429942522427, 4] ,True ,405.034551382064819
[2.3284752655653294, 0.4178429942522427, 4] ,True ,405.037501811981201
[2.3284752655653294, 0.4178429942522427, 4] ,True ,401.6701710224151611
[2.3284752655653294, 0.4178429942522427, 4] ,True ,404.862906217575073
[2.3284752655653294, 0.4178429942522427, 4] ,True ,405.035295724868774
[2.3284752655653294, 0.4178429942522427, 4] ,True ,400.747758150100708
[2.3284752655653294, 0.4178429942522427, 4] ,True ,405.0406670570373535
[2.3284752655653294, 0.4178429942522427, 4] ,True ,405.029808521270752
