[5.005000051650397, 0.3550000120079101, 5] ,False ,385.0296947956085205
[5.005000051650397, 0.3550000120079101, 5] ,False ,385.033239126205444
[5.005000051650397, 0.3550000120079101, 5] ,False ,385.030051946640015
[5.005000051650397, 0.3550000120079101, 5] ,False ,385.0311620235443115
[5.005000051650397, 0.3550000120079101, 5] ,False ,385.029780626296997
[5.005000051650397, 0.3550000120079101, 5] ,False ,385.027345657348633
[5.005000051650397, 0.3550000120079101, 5] ,False ,385.030193328857422
[5.005000051650397, 0.3550000120079101, 5] ,False ,385.029283761978149
[5.005000051650397, 0.3550000120079101, 5] ,False ,385.029652118682861
[5.005000051650397, 0.3550000120079101, 5] ,False ,385.027612209320068
[5.005000051650397, 0.3550000120079101, 5] ,False ,385.038451433181763
[5.005000051650397, 0.3550000120079101, 5] ,False ,385.033141374588013
[5.005000051650397, 0.3550000120079101, 5] ,False ,385.032019376754761
[5.005000051650397, 0.3550000120079101, 5] ,False ,385.032024621963501
[5.005000051650397, 0.3550000120079101, 5] ,False ,385.025501251220703
