[9.709472546553991, 0.1886185335195454, 5] ,False ,265.034151554107666
[9.709472546553991, 0.1886185335195454, 5] ,True ,264.272129774093628
[9.709472546553991, 0.1886185335195454, 5] ,True ,264.432109832763672
[9.709472546553991, 0.1886185335195454, 5] ,True ,264.054124593734741
[9.709472546553991, 0.1886185335195454, 5] ,True ,264.204655408859253
[9.709472546553991, 0.1886185335195454, 5] ,True ,261.4169676303863525
[9.709472546553991, 0.1886185335195454, 5] ,True ,261.4403393268585205
[9.709472546553991, 0.1886185335195454, 5] ,True ,261.3811264038085938
[9.709472546553991, 0.1886185335195454, 5] ,True ,264.779089450836182
[9.709472546553991, 0.1886185335195454, 5] ,True ,265.021732568740845
[9.709472546553991, 0.1886185335195454, 5] ,True ,263.05739426612854
