[9.022246061169794, 0.3959305984215205, 7] ,False ,145.034070730209351
[9.022246061169794, 0.3959305984215205, 7] ,False ,145.029037237167358
[9.022246061169794, 0.3959305984215205, 7] ,False ,145.028568506240845
[9.022246061169794, 0.3959305984215205, 7] ,False ,145.0339131355285645
[9.022246061169794, 0.3959305984215205, 7] ,False ,145.0305047035217285
[9.022246061169794, 0.3959305984215205, 7] ,False ,145.037311315536499
[9.022246061169794, 0.3959305984215205, 7] ,False ,145.034929513931274
[9.022246061169794, 0.3959305984215205, 7] ,False ,145.033550500869751
[9.022246061169794, 0.3959305984215205, 7] ,False ,145.029901027679443
[9.022246061169794, 0.3959305984215205, 7] ,False ,145.026673793792725
[9.022246061169794, 0.3959305984215205, 7] ,False ,145.042994499206543
[9.022246061169794, 0.3959305984215205, 7] ,False ,145.031780004501343
[9.022246061169794, 0.3959305984215205, 7] ,False ,145.0271360874176025
[9.022246061169794, 0.3959305984215205, 7] ,False ,145.030832052230835
[9.022246061169794, 0.3959305984215205, 7] ,False ,145.036449670791626
