[4.584324360658531, 0.17611903086243247, 5] ,True ,363.9260716438293457
[4.584324360658531, 0.17611903086243247, 5] ,True ,365.034863471984863
[4.584324360658531, 0.17611903086243247, 5] ,True ,362.985901117324829
[4.584324360658531, 0.17611903086243247, 5] ,True ,365.02978777885437
[4.584324360658531, 0.17611903086243247, 5] ,True ,365.032005786895752
[4.584324360658531, 0.17611903086243247, 5] ,True ,365.0296454429626465
[4.584324360658531, 0.17611903086243247, 5] ,True ,361.556699514389038
[4.584324360658531, 0.17611903086243247, 5] ,True ,365.032954931259155
[4.584324360658531, 0.17611903086243247, 5] ,True ,365.029659986495972
[4.584324360658531, 0.17611903086243247, 5] ,True ,365.0287230014801025
