[4.822176753205831, 0.28713381717622216, 5] ,True ,430.47505831718444824
[4.822176753205831, 0.28713381717622216, 5] ,True ,430.8445024490356445
[4.822176753205831, 0.28713381717622216, 5] ,True ,431.3075368404388428
[4.822176753205831, 0.28713381717622216, 5] ,True ,433.8584532737731934
[4.822176753205831, 0.28713381717622216, 5] ,True ,430.7607388496398926
[4.822176753205831, 0.28713381717622216, 5] ,True ,430.939988374710083
[4.822176753205831, 0.28713381717622216, 5] ,True ,434.218994140625
[4.822176753205831, 0.28713381717622216, 5] ,True ,430.9752533435821533
[4.822176753205831, 0.28713381717622216, 5] ,True ,432.6680588722229004
[4.822176753205831, 0.28713381717622216, 5] ,True ,431.3539836406707764
