[3.7566934131774126, 0.13320452544548866, 6] ,True ,540.3007791042327881
[3.7566934131774126, 0.13320452544548866, 6] ,True ,540.3212709426879883
[3.7566934131774126, 0.13320452544548866, 6] ,True ,541.0497422218322754
[3.7566934131774126, 0.13320452544548866, 6] ,True ,540.4922938346862793
[3.7566934131774126, 0.13320452544548866, 6] ,True ,540.3587923049926758
[3.7566934131774126, 0.13320452544548866, 6] ,True ,540.4834418296813965
[3.7566934131774126, 0.13320452544548866, 6] ,True ,540.6377298831939697
[3.7566934131774126, 0.13320452544548866, 6] ,True ,540.731285810470581
[3.7566934131774126, 0.13320452544548866, 6] ,True ,540.5390880107879639
[3.7566934131774126, 0.13320452544548866, 6] ,True ,541.0396032333374023
