[9.032458598862059, 0.4103206779245295, 5] ,False ,155.033067941665649
[9.032458598862059, 0.4103206779245295, 5] ,False ,155.018847703933716
[9.032458598862059, 0.4103206779245295, 5] ,False ,155.028044700622559
[9.032458598862059, 0.4103206779245295, 5] ,False ,155.0332067012786865
[9.032458598862059, 0.4103206779245295, 5] ,False ,155.035498142242432
[9.032458598862059, 0.4103206779245295, 5] ,False ,155.0320494174957275
[9.032458598862059, 0.4103206779245295, 5] ,False ,155.0117716789245605
[9.032458598862059, 0.4103206779245295, 5] ,False ,155.019064903259277
[9.032458598862059, 0.4103206779245295, 5] ,False ,155.029613018035889
[9.032458598862059, 0.4103206779245295, 5] ,False ,155.030092000961304
[9.032458598862059, 0.4103206779245295, 5] ,False ,155.030372619628906
[9.032458598862059, 0.4103206779245295, 5] ,False ,155.028486013412476
[9.032458598862059, 0.4103206779245295, 5] ,False ,155.0325727462768555
[9.032458598862059, 0.4103206779245295, 5] ,False ,155.034270524978638
[9.032458598862059, 0.4103206779245295, 5] ,False ,155.028797626495361
