[3.289378080856023, 0.1562297097827045, 4] ,True ,320.14618301391601562
[3.289378080856023, 0.1562297097827045, 4] ,True ,320.40018200874328613
[3.289378080856023, 0.1562297097827045, 4] ,True ,320.3801438808441162
[3.289378080856023, 0.1562297097827045, 4] ,True ,320.6253397464752197
[3.289378080856023, 0.1562297097827045, 4] ,True ,320.254791259765625
[3.289378080856023, 0.1562297097827045, 4] ,True ,320.22320556640625
[3.289378080856023, 0.1562297097827045, 4] ,True ,320.528630256652832
[3.289378080856023, 0.1562297097827045, 4] ,True ,320.31281471252441406
[3.289378080856023, 0.1562297097827045, 4] ,True ,320.4790980815887451
[3.289378080856023, 0.1562297097827045, 4] ,True ,320.4358327388763428
