[3.164121715719345, 0.48514190991459494, 6] ,True ,500.6692287921905518
[3.164121715719345, 0.48514190991459494, 6] ,True ,502.010786771774292
[3.164121715719345, 0.48514190991459494, 6] ,True ,500.5612747669219971
[3.164121715719345, 0.48514190991459494, 6] ,True ,501.124582290649414
[3.164121715719345, 0.48514190991459494, 6] ,True ,500.817009449005127
[3.164121715719345, 0.48514190991459494, 6] ,True ,500.15405988693237305
[3.164121715719345, 0.48514190991459494, 6] ,True ,500.5938303470611572
[3.164121715719345, 0.48514190991459494, 6] ,True ,500.46328186988830566
[3.164121715719345, 0.48514190991459494, 6] ,True ,500.5158860683441162
[3.164121715719345, 0.48514190991459494, 6] ,True ,500.3065683841705322
