[5.324949820279665, 0.1394835394602191, 5] ,False ,305.028531074523926
[5.324949820279665, 0.1394835394602191, 5] ,False ,305.029940605163574
[5.324949820279665, 0.1394835394602191, 5] ,False ,305.0301549434661865
[5.324949820279665, 0.1394835394602191, 5] ,True ,302.1631290912628174
[5.324949820279665, 0.1394835394602191, 5] ,True ,305.03052830696106
[5.324949820279665, 0.1394835394602191, 5] ,True ,305.029355049133301
[5.324949820279665, 0.1394835394602191, 5] ,True ,305.029518365859985
[5.324949820279665, 0.1394835394602191, 5] ,True ,305.030896186828613
[5.324949820279665, 0.1394835394602191, 5] ,True ,305.0302512645721436
[5.324949820279665, 0.1394835394602191, 5] ,True ,300.7086405754089355
[5.324949820279665, 0.1394835394602191, 5] ,True ,305.033518314361572
[5.324949820279665, 0.1394835394602191, 5] ,True ,305.03583288192749
[5.324949820279665, 0.1394835394602191, 5] ,True ,305.03727650642395
