[5.072451460592235, 0.35580555521228796, 7] ,False ,275.0216240882873535
[5.072451460592235, 0.35580555521228796, 7] ,False ,275.031113386154175
[5.072451460592235, 0.35580555521228796, 7] ,False ,275.03354024887085
[5.072451460592235, 0.35580555521228796, 7] ,False ,275.03857159614563
[5.072451460592235, 0.35580555521228796, 7] ,False ,275.0295281410217285
[5.072451460592235, 0.35580555521228796, 7] ,False ,275.019598484039307
[5.072451460592235, 0.35580555521228796, 7] ,False ,275.025782346725464
[5.072451460592235, 0.35580555521228796, 7] ,False ,275.034730672836304
[5.072451460592235, 0.35580555521228796, 7] ,False ,275.033807754516602
[5.072451460592235, 0.35580555521228796, 7] ,False ,275.034204483032227
[5.072451460592235, 0.35580555521228796, 7] ,False ,275.037283897399902
[5.072451460592235, 0.35580555521228796, 7] ,False ,275.029778718948364
[5.072451460592235, 0.35580555521228796, 7] ,False ,275.019601345062256
[5.072451460592235, 0.35580555521228796, 7] ,False ,275.032044887542725
[5.072451460592235, 0.35580555521228796, 7] ,False ,275.028562545776367
