[8.739396564618861, 0.07608016662531208, 3] ,False ,445.032465934753418
[8.739396564618861, 0.07608016662531208, 3] ,False ,445.02857780456543
[8.739396564618861, 0.07608016662531208, 3] ,False ,445.027372360229492
[8.739396564618861, 0.07608016662531208, 3] ,False ,445.028802156448364
[8.739396564618861, 0.07608016662531208, 3] ,False ,445.028895378112793
[8.739396564618861, 0.07608016662531208, 3] ,True ,442.3797271251678467
[8.739396564618861, 0.07608016662531208, 3] ,True ,445.034004211425781
[8.739396564618861, 0.07608016662531208, 3] ,True ,445.039615154266357
[8.739396564618861, 0.07608016662531208, 3] ,True ,445.031140327453613
[8.739396564618861, 0.07608016662531208, 3] ,True ,445.031399726867676
[8.739396564618861, 0.07608016662531208, 3] ,True ,445.02789831161499
[8.739396564618861, 0.07608016662531208, 3] ,True ,445.0254456996917725
[8.739396564618861, 0.07608016662531208, 3] ,True ,445.031209945678711
[8.739396564618861, 0.07608016662531208, 3] ,True ,445.03015923500061
[8.739396564618861, 0.07608016662531208, 3] ,True ,445.029323101043701
