[4.30906041498757, 0.2812014695573657, 6] ,False ,535.032035827636719
[4.30906041498757, 0.2812014695573657, 6] ,True ,532.2241477966308594
[4.30906041498757, 0.2812014695573657, 6] ,True ,533.7562172412872314
[4.30906041498757, 0.2812014695573657, 6] ,True ,532.9151368141174316
[4.30906041498757, 0.2812014695573657, 6] ,True ,531.647968053817749
[4.30906041498757, 0.2812014695573657, 6] ,True ,535.0282957553863525
[4.30906041498757, 0.2812014695573657, 6] ,True ,535.034563779830933
[4.30906041498757, 0.2812014695573657, 6] ,True ,534.054027795791626
[4.30906041498757, 0.2812014695573657, 6] ,True ,531.834970474243164
[4.30906041498757, 0.2812014695573657, 6] ,True ,531.6224663257598877
[4.30906041498757, 0.2812014695573657, 6] ,True ,531.8765270709991455
