[9.350448190339815, 0.43333165404066354, 8] ,False ,215.033938407897949
[9.350448190339815, 0.43333165404066354, 8] ,False ,215.033393859863281
[9.350448190339815, 0.43333165404066354, 8] ,False ,215.030390024185181
[9.350448190339815, 0.43333165404066354, 8] ,False ,215.031860828399658
[9.350448190339815, 0.43333165404066354, 8] ,False ,215.027011156082153
[9.350448190339815, 0.43333165404066354, 8] ,False ,215.030864000320435
[9.350448190339815, 0.43333165404066354, 8] ,False ,215.031716823577881
[9.350448190339815, 0.43333165404066354, 8] ,False ,215.033416271209717
[9.350448190339815, 0.43333165404066354, 8] ,False ,215.013074636459351
[9.350448190339815, 0.43333165404066354, 8] ,False ,215.029616355895996
[9.350448190339815, 0.43333165404066354, 8] ,False ,215.02815055847168
[9.350448190339815, 0.43333165404066354, 8] ,False ,215.02953028678894
[9.350448190339815, 0.43333165404066354, 8] ,False ,215.030134677886963
[9.350448190339815, 0.43333165404066354, 8] ,False ,215.030435800552368
[9.350448190339815, 0.43333165404066354, 8] ,False ,215.029249906539917
