[0.010003134923930986, 0.6999995626929898, 4] ,False ,125.031794548034668
[0.010003134923930986, 0.6999995626929898, 4] ,False ,125.028297185897827
[0.010003134923930986, 0.6999995626929898, 4] ,False ,125.03215217590332
[0.010003134923930986, 0.6999995626929898, 4] ,False ,125.03149676322937
[0.010003134923930986, 0.6999995626929898, 4] ,False ,125.028001070022583
[0.010003134923930986, 0.6999995626929898, 4] ,False ,125.030417203903198
[0.010003134923930986, 0.6999995626929898, 4] ,False ,125.032308101654053
[0.010003134923930986, 0.6999995626929898, 4] ,False ,125.0315423011779785
[0.010003134923930986, 0.6999995626929898, 4] ,False ,125.032235145568848
[0.010003134923930986, 0.6999995626929898, 4] ,False ,125.034146785736084
[0.010003134923930986, 0.6999995626929898, 4] ,False ,125.029921531677246
[0.010003134923930986, 0.6999995626929898, 4] ,False ,125.031467914581299
[0.010003134923930986, 0.6999995626929898, 4] ,False ,125.032172679901123
[0.010003134923930986, 0.6999995626929898, 4] ,False ,125.0207250118255615
[0.010003134923930986, 0.6999995626929898, 4] ,False ,125.028186559677124
